# Responsive score, Archetype-ID
2.000000000000000111e-01 0.000000000000000000e+00
5.000000000000000000e-01 2.000000000000000000e+00
1.111111111111111049e-01 9.000000000000000000e+00
3.333333333333333148e-01 9.000000000000000000e+00
3.333333333333333148e-01 9.000000000000000000e+00
2.857142857142856984e-01 2.000000000000000000e+00
2.500000000000000000e-01 9.000000000000000000e+00
4.000000000000000222e-01 2.000000000000000000e+00
2.500000000000000000e-01 9.000000000000000000e+00
0.000000000000000000e+00 8.000000000000000000e+00
0.000000000000000000e+00 8.000000000000000000e+00
2.439024390243902524e-02 9.000000000000000000e+00
2.500000000000000000e-01 9.000000000000000000e+00
0.000000000000000000e+00 8.000000000000000000e+00
5.000000000000000000e-01 2.000000000000000000e+00
4.000000000000000222e-01 2.000000000000000000e+00
5.000000000000000000e-01 9.000000000000000000e+00
3.333333333333333148e-01 9.000000000000000000e+00
5.000000000000000000e-01 2.000000000000000000e+00
5.000000000000000000e-01 2.000000000000000000e+00
3.333333333333333148e-01 9.000000000000000000e+00
1.176470588235294101e-01 2.000000000000000000e+00
1.111111111111111049e-01 2.000000000000000000e+00
2.500000000000000000e-01 2.000000000000000000e+00
4.000000000000000222e-01 2.000000000000000000e+00
3.333333333333333148e-01 2.000000000000000000e+00
5.000000000000000000e-01 2.000000000000000000e+00
5.000000000000000000e-01 2.000000000000000000e+00
2.500000000000000000e-01 2.000000000000000000e+00
4.000000000000000222e-01 2.000000000000000000e+00
2.439024390243902524e-02 9.000000000000000000e+00
3.333333333333333148e-01 9.000000000000000000e+00
2.857142857142856984e-01 2.000000000000000000e+00
4.000000000000000222e-01 2.000000000000000000e+00
0.000000000000000000e+00 8.000000000000000000e+00
2.857142857142856984e-01 2.000000000000000000e+00
3.333333333333333148e-01 2.000000000000000000e+00
3.333333333333333148e-01 9.000000000000000000e+00
2.500000000000000000e-01 9.000000000000000000e+00
5.000000000000000000e-01 2.000000000000000000e+00
5.000000000000000000e-01 2.000000000000000000e+00
3.333333333333333148e-01 9.000000000000000000e+00
2.500000000000000000e-01 9.000000000000000000e+00
3.333333333333333148e-01 9.000000000000000000e+00
3.333333333333333148e-01 9.000000000000000000e+00
3.333333333333333148e-01 9.000000000000000000e+00
9.523809523809523281e-02 2.000000000000000000e+00
0.000000000000000000e+00 8.000000000000000000e+00
2.857142857142856984e-01 2.000000000000000000e+00
3.333333333333333148e-01 9.000000000000000000e+00
3.333333333333333148e-01 9.000000000000000000e+00
3.333333333333333148e-01 9.000000000000000000e+00
2.857142857142856984e-01 2.000000000000000000e+00
3.333333333333333148e-01 2.000000000000000000e+00
3.333333333333333148e-01 9.000000000000000000e+00
2.000000000000000111e-01 9.000000000000000000e+00
2.500000000000000000e-01 9.000000000000000000e+00
2.222222222222222099e-01 2.000000000000000000e+00
0.000000000000000000e+00 8.000000000000000000e+00
1.428571428571428492e-01 2.000000000000000000e+00
4.000000000000000222e-01 2.000000000000000000e+00
3.333333333333333148e-01 9.000000000000000000e+00
2.857142857142856984e-01 2.000000000000000000e+00
3.333333333333333148e-01 9.000000000000000000e+00
3.333333333333333148e-01 9.000000000000000000e+00
3.333333333333333148e-01 9.000000000000000000e+00
2.500000000000000000e-01 9.000000000000000000e+00
3.333333333333333148e-01 2.000000000000000000e+00
4.000000000000000222e-01 2.000000000000000000e+00
4.000000000000000222e-01 2.000000000000000000e+00
4.000000000000000222e-01 2.000000000000000000e+00
4.000000000000000222e-01 2.000000000000000000e+00
3.333333333333333148e-01 9.000000000000000000e+00
1.428571428571428492e-01 2.000000000000000000e+00
1.538461538461538547e-01 2.000000000000000000e+00
0.000000000000000000e+00 8.000000000000000000e+00
5.000000000000000000e-01 9.000000000000000000e+00
3.333333333333333148e-01 9.000000000000000000e+00
3.333333333333333148e-01 9.000000000000000000e+00
4.000000000000000222e-01 2.000000000000000000e+00
6.666666666666666297e-01 2.000000000000000000e+00
3.333333333333333148e-01 2.000000000000000000e+00
5.000000000000000000e-01 9.000000000000000000e+00
3.333333333333333148e-01 2.000000000000000000e+00
6.666666666666666297e-01 2.000000000000000000e+00
3.333333333333333148e-01 2.000000000000000000e+00
6.666666666666666297e-01 2.000000000000000000e+00
3.333333333333333148e-01 2.000000000000000000e+00
6.666666666666666297e-01 2.000000000000000000e+00
3.333333333333333148e-01 2.000000000000000000e+00
6.250000000000000000e-02 2.000000000000000000e+00
5.000000000000000000e-01 9.000000000000000000e+00
5.000000000000000000e-01 9.000000000000000000e+00
2.500000000000000000e-01 9.000000000000000000e+00
4.000000000000000222e-01 2.000000000000000000e+00
3.333333333333333148e-01 9.000000000000000000e+00
5.000000000000000000e-01 2.000000000000000000e+00
3.333333333333333148e-01 9.000000000000000000e+00
0.000000000000000000e+00 8.000000000000000000e+00
3.125000000000000000e-02 2.000000000000000000e+00
1.176470588235294101e-01 2.000000000000000000e+00
2.000000000000000111e-01 2.000000000000000000e+00
1.342281879194630843e-02 2.000000000000000000e+00
3.333333333333333148e-01 9.000000000000000000e+00
5.000000000000000000e-01 9.000000000000000000e+00
3.333333333333333148e-01 9.000000000000000000e+00
3.333333333333333148e-01 9.000000000000000000e+00
3.333333333333333148e-01 9.000000000000000000e+00
1.250000000000000000e-01 2.000000000000000000e+00
5.000000000000000000e-01 1.000000000000000000e+01
5.000000000000000000e-01 1.000000000000000000e+01
5.000000000000000000e-01 2.000000000000000000e+00
0.000000000000000000e+00 8.000000000000000000e+00
0.000000000000000000e+00 8.000000000000000000e+00
0.000000000000000000e+00 8.000000000000000000e+00
2.500000000000000000e-01 9.000000000000000000e+00
3.333333333333333148e-01 9.000000000000000000e+00
4.000000000000000222e-01 2.000000000000000000e+00
3.333333333333333148e-01 9.000000000000000000e+00
0.000000000000000000e+00 8.000000000000000000e+00
0.000000000000000000e+00 8.000000000000000000e+00
4.000000000000000222e-01 2.000000000000000000e+00
2.857142857142856984e-01 2.000000000000000000e+00
5.000000000000000000e-01 2.000000000000000000e+00
4.000000000000000222e-01 2.000000000000000000e+00
