# Responsive score, Archetype-ID
2.000000000000000111e-01 0.000000000000000000e+00
5.000000000000000000e-01 9.000000000000000000e+00
4.000000000000000222e-01 2.000000000000000000e+00
0.000000000000000000e+00 8.000000000000000000e+00
7.042253521126760722e-03 9.000000000000000000e+00
0.000000000000000000e+00 8.000000000000000000e+00
5.000000000000000000e-01 2.000000000000000000e+00
6.666666666666666297e-01 2.000000000000000000e+00
2.500000000000000000e-01 2.000000000000000000e+00
2.500000000000000000e-01 2.000000000000000000e+00
0.000000000000000000e+00 8.000000000000000000e+00
5.000000000000000000e-01 9.000000000000000000e+00
6.666666666666666297e-01 2.000000000000000000e+00
6.666666666666666297e-01 2.000000000000000000e+00
5.000000000000000000e-01 2.000000000000000000e+00
2.500000000000000000e-01 9.000000000000000000e+00
5.000000000000000000e-01 9.000000000000000000e+00
5.000000000000000000e-01 9.000000000000000000e+00
6.666666666666666297e-01 2.000000000000000000e+00
3.333333333333333148e-01 9.000000000000000000e+00
5.000000000000000000e-01 9.000000000000000000e+00
5.000000000000000000e-01 9.000000000000000000e+00
7.142857142857142461e-02 9.000000000000000000e+00
2.000000000000000111e-01 9.000000000000000000e+00
5.000000000000000000e-01 2.000000000000000000e+00
6.666666666666666297e-01 2.000000000000000000e+00
5.000000000000000000e-01 9.000000000000000000e+00
2.857142857142856984e-01 2.000000000000000000e+00
5.000000000000000000e-01 2.000000000000000000e+00
3.333333333333333148e-01 9.000000000000000000e+00
0.000000000000000000e+00 8.000000000000000000e+00
7.407407407407406996e-02 2.000000000000000000e+00
0.000000000000000000e+00 8.000000000000000000e+00
5.000000000000000000e-01 9.000000000000000000e+00
1.538461538461538547e-01 2.000000000000000000e+00
2.000000000000000111e-01 9.000000000000000000e+00
0.000000000000000000e+00 8.000000000000000000e+00
9.090909090909091161e-02 9.000000000000000000e+00
3.333333333333333148e-01 2.000000000000000000e+00
1.428571428571428492e-01 9.000000000000000000e+00
1.000000000000000000e+00 9.000000000000000000e+00
6.666666666666666297e-01 2.000000000000000000e+00
6.666666666666666297e-01 2.000000000000000000e+00
4.000000000000000222e-01 2.000000000000000000e+00
4.000000000000000222e-01 2.000000000000000000e+00
4.000000000000000222e-01 2.000000000000000000e+00
0.000000000000000000e+00 8.000000000000000000e+00
0.000000000000000000e+00 8.000000000000000000e+00
2.857142857142856984e-01 2.000000000000000000e+00
6.666666666666666297e-01 2.000000000000000000e+00
2.500000000000000000e-01 9.000000000000000000e+00
0.000000000000000000e+00 8.000000000000000000e+00
0.000000000000000000e+00 8.000000000000000000e+00
5.000000000000000000e-01 9.000000000000000000e+00
4.000000000000000222e-01 2.000000000000000000e+00
0.000000000000000000e+00 8.000000000000000000e+00
6.666666666666666297e-01 2.000000000000000000e+00
6.666666666666666297e-01 2.000000000000000000e+00
3.333333333333333148e-01 2.000000000000000000e+00
6.666666666666666297e-01 2.000000000000000000e+00
0.000000000000000000e+00 8.000000000000000000e+00
5.882352941176470507e-02 9.000000000000000000e+00
5.000000000000000000e-01 2.000000000000000000e+00
6.666666666666666297e-01 2.000000000000000000e+00
5.000000000000000000e-01 9.000000000000000000e+00
0.000000000000000000e+00 8.000000000000000000e+00
3.333333333333333148e-01 2.000000000000000000e+00
5.000000000000000000e-01 2.000000000000000000e+00
1.666666666666666574e-01 9.000000000000000000e+00
2.000000000000000111e-01 9.000000000000000000e+00
0.000000000000000000e+00 8.000000000000000000e+00
0.000000000000000000e+00 8.000000000000000000e+00
6.666666666666666297e-01 2.000000000000000000e+00
0.000000000000000000e+00 8.000000000000000000e+00
6.666666666666666297e-01 2.000000000000000000e+00
0.000000000000000000e+00 8.000000000000000000e+00
0.000000000000000000e+00 8.000000000000000000e+00
0.000000000000000000e+00 8.000000000000000000e+00
3.333333333333333148e-01 2.000000000000000000e+00
6.666666666666666297e-01 2.000000000000000000e+00
2.857142857142856984e-01 2.000000000000000000e+00
6.666666666666666297e-01 2.000000000000000000e+00
0.000000000000000000e+00 8.000000000000000000e+00
4.000000000000000222e-01 2.000000000000000000e+00
0.000000000000000000e+00 8.000000000000000000e+00
0.000000000000000000e+00 8.000000000000000000e+00
0.000000000000000000e+00 8.000000000000000000e+00
0.000000000000000000e+00 8.000000000000000000e+00
0.000000000000000000e+00 8.000000000000000000e+00
0.000000000000000000e+00 8.000000000000000000e+00
0.000000000000000000e+00 8.000000000000000000e+00
0.000000000000000000e+00 8.000000000000000000e+00
0.000000000000000000e+00 8.000000000000000000e+00
0.000000000000000000e+00 8.000000000000000000e+00
0.000000000000000000e+00 8.000000000000000000e+00
0.000000000000000000e+00 8.000000000000000000e+00
0.000000000000000000e+00 8.000000000000000000e+00
0.000000000000000000e+00 8.000000000000000000e+00
5.000000000000000000e-01 2.000000000000000000e+00
5.000000000000000000e-01 9.000000000000000000e+00
6.666666666666666297e-01 2.000000000000000000e+00
5.000000000000000000e-01 9.000000000000000000e+00
5.000000000000000000e-01 9.000000000000000000e+00
0.000000000000000000e+00 8.000000000000000000e+00
5.000000000000000000e-01 9.000000000000000000e+00
5.000000000000000000e-01 2.000000000000000000e+00
2.000000000000000111e-01 9.000000000000000000e+00
3.333333333333333148e-01 2.000000000000000000e+00
3.333333333333333148e-01 2.000000000000000000e+00
1.538461538461538547e-01 2.000000000000000000e+00
5.000000000000000000e-01 9.000000000000000000e+00
2.000000000000000111e-01 2.000000000000000000e+00
3.333333333333333148e-01 9.000000000000000000e+00
2.857142857142856984e-01 2.000000000000000000e+00
2.777777777777777624e-02 9.000000000000000000e+00
9.523809523809523281e-02 2.000000000000000000e+00
1.666666666666666574e-01 2.000000000000000000e+00
6.666666666666666297e-01 2.000000000000000000e+00
0.000000000000000000e+00 8.000000000000000000e+00
4.761904761904761640e-02 2.000000000000000000e+00
3.333333333333333148e-01 9.000000000000000000e+00
1.818181818181818232e-01 2.000000000000000000e+00
6.666666666666666297e-01 2.000000000000000000e+00
5.000000000000000000e-01 9.000000000000000000e+00
2.000000000000000111e-01 9.000000000000000000e+00
2.000000000000000111e-01 9.000000000000000000e+00
2.500000000000000000e-01 9.000000000000000000e+00
1.428571428571428492e-01 9.000000000000000000e+00
5.000000000000000000e-01 2.000000000000000000e+00
6.666666666666666297e-01 2.000000000000000000e+00
4.347826086956521618e-02 9.000000000000000000e+00
7.692307692307692735e-02 9.000000000000000000e+00
6.666666666666666297e-01 2.000000000000000000e+00
6.666666666666666297e-01 2.000000000000000000e+00
4.651162790697674354e-02 2.000000000000000000e+00
3.333333333333333148e-01 9.000000000000000000e+00
0.000000000000000000e+00 8.000000000000000000e+00
3.333333333333333148e-01 2.000000000000000000e+00
0.000000000000000000e+00 8.000000000000000000e+00
0.000000000000000000e+00 8.000000000000000000e+00
2.857142857142856984e-01 2.000000000000000000e+00
3.333333333333333148e-01 2.000000000000000000e+00
2.857142857142856984e-01 2.000000000000000000e+00
2.500000000000000000e-01 2.000000000000000000e+00
4.000000000000000222e-01 2.000000000000000000e+00
5.000000000000000000e-01 2.000000000000000000e+00
0.000000000000000000e+00 8.000000000000000000e+00
