# Responsive score, Archetype-ID
0.000000000000000000e+00 8.000000000000000000e+00
0.000000000000000000e+00 8.000000000000000000e+00
0.000000000000000000e+00 8.000000000000000000e+00
2.000000000000000111e-01 9.000000000000000000e+00
0.000000000000000000e+00 8.000000000000000000e+00
2.857142857142856984e-01 2.000000000000000000e+00
4.000000000000000222e-01 2.000000000000000000e+00
1.000000000000000000e+00 9.000000000000000000e+00
2.500000000000000000e-01 2.000000000000000000e+00
3.333333333333333148e-01 2.000000000000000000e+00
2.500000000000000000e-01 9.000000000000000000e+00
5.000000000000000000e-01 9.000000000000000000e+00
0.000000000000000000e+00 8.000000000000000000e+00
0.000000000000000000e+00 8.000000000000000000e+00
4.000000000000000222e-01 2.000000000000000000e+00
2.857142857142856984e-01 2.000000000000000000e+00
4.000000000000000222e-01 2.000000000000000000e+00
2.500000000000000000e-01 9.000000000000000000e+00
2.500000000000000000e-01 9.000000000000000000e+00
2.500000000000000000e-01 2.000000000000000000e+00
2.000000000000000111e-01 9.000000000000000000e+00
3.333333333333333148e-01 2.000000000000000000e+00
0.000000000000000000e+00 8.000000000000000000e+00
0.000000000000000000e+00 8.000000000000000000e+00
6.666666666666666297e-01 2.000000000000000000e+00
2.000000000000000111e-01 2.000000000000000000e+00
1.428571428571428492e-01 9.000000000000000000e+00
0.000000000000000000e+00 8.000000000000000000e+00
3.159557661927330126e-03 2.000000000000000000e+00
4.000000000000000222e-01 2.000000000000000000e+00
2.222222222222222099e-01 2.000000000000000000e+00
2.857142857142856984e-01 2.000000000000000000e+00
2.857142857142856984e-01 2.000000000000000000e+00
2.857142857142856984e-01 2.000000000000000000e+00
2.500000000000000000e-01 2.000000000000000000e+00
0.000000000000000000e+00 8.000000000000000000e+00
2.222222222222222099e-01 2.000000000000000000e+00
1.666666666666666574e-01 9.000000000000000000e+00
8.695652173913043237e-02 2.000000000000000000e+00
1.666666666666666574e-01 2.000000000000000000e+00
1.818181818181818232e-01 2.000000000000000000e+00
2.500000000000000000e-01 2.000000000000000000e+00
2.000000000000000111e-01 9.000000000000000000e+00
2.500000000000000000e-01 9.000000000000000000e+00
5.000000000000000000e-01 9.000000000000000000e+00
5.000000000000000000e-01 9.000000000000000000e+00
2.500000000000000000e-01 9.000000000000000000e+00
3.333333333333333148e-01 9.000000000000000000e+00
2.500000000000000000e-01 9.000000000000000000e+00
0.000000000000000000e+00 8.000000000000000000e+00
0.000000000000000000e+00 8.000000000000000000e+00
8.695652173913043237e-02 2.000000000000000000e+00
0.000000000000000000e+00 8.000000000000000000e+00
0.000000000000000000e+00 8.000000000000000000e+00
0.000000000000000000e+00 8.000000000000000000e+00
0.000000000000000000e+00 8.000000000000000000e+00
5.555555555555555247e-02 2.000000000000000000e+00
0.000000000000000000e+00 8.000000000000000000e+00
1.000000000000000000e+00 9.000000000000000000e+00
1.666666666666666574e-01 9.000000000000000000e+00
2.500000000000000000e-01 9.000000000000000000e+00
3.333333333333333148e-01 9.000000000000000000e+00
2.500000000000000000e-01 9.000000000000000000e+00
2.500000000000000000e-01 9.000000000000000000e+00
2.500000000000000000e-01 9.000000000000000000e+00
3.333333333333333148e-01 9.000000000000000000e+00
2.000000000000000111e-01 9.000000000000000000e+00
2.000000000000000111e-01 9.000000000000000000e+00
2.500000000000000000e-01 9.000000000000000000e+00
3.333333333333333148e-01 9.000000000000000000e+00
2.500000000000000000e-01 9.000000000000000000e+00
5.000000000000000000e-01 9.000000000000000000e+00
1.666666666666666574e-01 9.000000000000000000e+00
2.500000000000000000e-01 2.000000000000000000e+00
3.333333333333333148e-01 9.000000000000000000e+00
3.333333333333333148e-01 9.000000000000000000e+00
3.333333333333333148e-01 9.000000000000000000e+00
3.333333333333333148e-01 9.000000000000000000e+00
3.333333333333333148e-01 9.000000000000000000e+00
3.333333333333333148e-01 9.000000000000000000e+00
1.906577693040991360e-03 2.000000000000000000e+00
0.000000000000000000e+00 8.000000000000000000e+00
0.000000000000000000e+00 8.000000000000000000e+00
5.000000000000000000e-01 9.000000000000000000e+00
5.000000000000000000e-01 9.000000000000000000e+00
2.500000000000000000e-01 9.000000000000000000e+00
2.500000000000000000e-01 9.000000000000000000e+00
3.333333333333333148e-01 9.000000000000000000e+00
3.333333333333333148e-01 9.000000000000000000e+00
3.333333333333333148e-01 9.000000000000000000e+00
3.333333333333333148e-01 9.000000000000000000e+00
2.861230329041487830e-03 2.000000000000000000e+00
4.000000000000000222e-01 2.000000000000000000e+00
3.333333333333333148e-01 9.000000000000000000e+00
3.333333333333333148e-01 2.000000000000000000e+00
3.333333333333333148e-01 9.000000000000000000e+00
0.000000000000000000e+00 8.000000000000000000e+00
0.000000000000000000e+00 8.000000000000000000e+00
0.000000000000000000e+00 8.000000000000000000e+00
0.000000000000000000e+00 8.000000000000000000e+00
2.000000000000000111e-01 9.000000000000000000e+00
2.500000000000000000e-01 9.000000000000000000e+00
3.333333333333333148e-01 9.000000000000000000e+00
2.500000000000000000e-01 9.000000000000000000e+00
3.333333333333333148e-01 9.000000000000000000e+00
3.333333333333333148e-01 9.000000000000000000e+00
3.333333333333333148e-01 9.000000000000000000e+00
3.333333333333333148e-01 9.000000000000000000e+00
3.333333333333333148e-01 9.000000000000000000e+00
3.333333333333333148e-01 9.000000000000000000e+00
4.000000000000000222e-01 2.000000000000000000e+00
2.500000000000000000e-01 9.000000000000000000e+00
0.000000000000000000e+00 8.000000000000000000e+00
7.407407407407406996e-02 2.000000000000000000e+00
3.333333333333333148e-01 9.000000000000000000e+00
5.000000000000000000e-01 9.000000000000000000e+00
3.333333333333333148e-01 9.000000000000000000e+00
1.848428835489833617e-03 2.000000000000000000e+00
3.546099290780141758e-03 2.000000000000000000e+00
3.333333333333333148e-01 9.000000000000000000e+00
1.666666666666666574e-01 9.000000000000000000e+00
1.569858712715855665e-03 2.000000000000000000e+00
2.808988764044943742e-03 2.000000000000000000e+00
3.246753246753246967e-03 2.000000000000000000e+00
0.000000000000000000e+00 8.000000000000000000e+00
3.333333333333333148e-01 9.000000000000000000e+00
3.333333333333333148e-01 9.000000000000000000e+00
3.333333333333333148e-01 9.000000000000000000e+00
5.000000000000000000e-01 9.000000000000000000e+00
3.333333333333333148e-01 9.000000000000000000e+00
3.333333333333333148e-01 9.000000000000000000e+00
5.000000000000000000e-01 9.000000000000000000e+00
2.500000000000000000e-01 9.000000000000000000e+00
2.500000000000000000e-01 9.000000000000000000e+00
4.000000000000000222e-01 2.000000000000000000e+00
